9.130074487072184E+01
1.000000000000000E+02
9.142279567224780E+01
8.799318512921613E+01
8.883029560797507E+01
8.608338691595127E+01
8.812682796576573E+01
8.734397912317863E+01
8.664934375697688E+01
8.613238984508391E+01
8.476044385950176E+01
8.553786072012750E+01
8.666728841472835E+01
8.615542269959570E+01
8.511555852465212E+01
8.474549780149206E+01
8.377301972401204E+01
8.430017165319421E+01
8.470889959681368E+01
8.510279142641053E+01
8.556272524453016E+01
8.402808349789261E+01
8.302132656751499E+01
8.363228963266589E+01
8.328629091276433E+01
8.333468125319072E+01
8.368573841222337E+01
8.393626847668786E+01
8.421648438588913E+01
8.449516953359975E+01
8.246245379334374E+01
8.267301442610736E+01
8.295361474943391E+01
8.311841459412075E+01
8.284131111189201E+01
8.307851012532055E+01
8.326387941385559E+01
8.346471962311712E+01
8.367247429974893E+01
8.267680102695452E+01
8.181592464296833E+01
8.207256137573704E+01
8.232970115586232E+01
8.244804706753933E+01
8.309248676792545E+01
8.257574514757147E+01
8.255068967449050E+01
8.264833372042446E+01
8.259842479870483E+01
8.197763005847226E+01
8.218771824461466E+01
8.273738847421168E+01
8.189422272514021E+01
8.101978795147650E+01
8.190737207289854E+01
8.190500236055685E+01
8.201472409582911E+01
8.211048353627035E+01
8.211931229467460E+01
8.212252883652688E+01
8.206958464610230E+01
8.148184978799979E+01
8.130882046481268E+01
8.214095582245309E+01
8.026183049926861E+01
8.172390228987472E+01
8.168388164040792E+01
8.170492403995146E+01
8.172896141601024E+01
8.172350854869525E+01
8.167814146908317E+01
8.163203940334564E+01
8.157823366900452E+01
8.104637535085894E+01
8.091441777453883E+01
8.065213430046981E+01
7.952711286625572E+01
8.137164770214214E+01
8.145855788806936E+01
8.042151598099589E+01
8.140239395957163E+01
8.135872003012106E+01
8.130038017462198E+01
8.121608776311841E+01
8.113190885658891E+01
8.062871735813947E+01
8.052715587526589E+01
7.996513913116458E+01
7.880842838319384E+01
8.090377534476704E+01
7.937153975920809E+01
8.114154809373908E+01
8.102643347429100E+01
8.095041325101855E+01
8.085783024092792E+01
8.074021831080171E+01
8.025134692546285E+01
8.012102232738900E+01
8.001995982917913E+01
7.949595456775482E+01
7.891010680909154E+01
7.810659395720336E+01
8.035108587654216E+01
8.070827549627734E+01
8.060129315724210E+01
8.051374805197986E+01
8.039471772549224E+01
7.991087817468554E+01
7.974818289099233E+01
7.960572210174865E+01
7.908442368336839E+01
7.897225372222664E+01
7.845391553635076E+01
7.834347077487553E+01
7.743330315797944E+01
7.973114580825897E+01
7.785280852541345E+01
8.022765148669461E+01
8.015629978140511E+01
8.005157442582684E+01
7.957461833577537E+01
7.940879767763600E+01
7.923328733638287E+01
7.870944658921620E+01
7.856107351118838E+01
7.803855255338972E+01
7.793825724709959E+01
7.679906348168853E+01
7.905430314886030E+01
7.981662683679849E+01
7.927160333620991E+01
7.969342771329650E+01
7.907375619736906E+01
7.888971292453316E+01
7.835447661113642E+01
7.817862773966995E+01
7.764487610908593E+01
7.752387690965652E+01
7.745351526106339E+01
7.695593316212900E+01
7.928663334256700E+01
7.832195027461600E+01
7.624196332990056E+01
7.871863926024736E+01
7.853199845979718E+01
7.796986173138811E+01
7.780783846226539E+01
7.725206375322317E+01
7.711202216229141E+01
7.701957782763941E+01
7.652999002153553E+01
7.645872667322473E+01
7.874115700761531E+01
7.581315692585204E+01
7.752503480015962E+01
7.605777497670123E+01
7.818404604535270E+01
7.811102512598529E+01
7.753153065918318E+01
7.740841445473629E+01
7.681940741843857E+01
7.668412484810905E+01
7.658554649012571E+01
7.608319792542891E+01
7.608284996427076E+01
7.572559441895126E+01
7.561327703940815E+01
7.541599194165141E+01
7.664639622895722E+01
7.766799568006313E+01
7.701393719208410E+01
7.540650811709814E+01
7.617543894794760E+01
7.611366331011708E+01
7.556902579315322E+01
7.562450906954081E+01
7.569786553159855E+01
7.698407192201158E+01
7.631411405037200E+01
7.563249671306909E+01
7.496645861247403E+01
7.620606303618781E+01
7.544327578401533E+01
7.550329722398884E+01
7.554182873806349E+01
7.494232544975409E+01
7.506914864584779E+01
7.520888691304754E+01
7.428491854682542E+01
7.432734496943434E+01
7.491139819668722E+01
7.445594204506610E+01
7.454924294878782E+01
7.459905604606044E+01
7.402522184352222E+01
7.327426985450414E+01
7.216627624811734E+01
7.278015471683928E+01
7.314432985062420E+01
7.362382476767681E+01
7.002062938362643E+01
7.180817617842192E+01
7.043109632992038E+01
7.131000853898674E+01
6.891187802114509E+01
6.944127586746411E+01
6.926848698400252E+01
6.941770732236334E+01
6.849679899939227E+01
6.716265201853210E+01
6.845632413035467E+01
6.845267438259215E+01
6.772275324471914E+01
6.553865469341480E+01
6.799044639922334E+01
6.760049199987775E+01
6.631090969933933E+01
6.606138274332007E+01
6.677838462142441E+01
6.500783291542186E+01
6.433281620705291E+01
6.472682483139212E+01
6.471961356413409E+01
6.357675063756874E+01
6.378021683615105E+01
6.214443317687953E+01
6.332050672890212E+01
6.343912273074071E+01
6.336640004312152E+01
6.301350810255379E+01
5.864958487852239E+01
5.980558528220308E+01
6.150193176254492E+01
6.279106345158264E+01
6.182064147756032E+01
5.654095448049246E+01
5.952446997226055E+01
5.755539796060881E+01
5.546806570160606E+01
5.572002212217720E+01
5.583249751027829E+01
5.521846791059949E+01
5.240302815881935E+01
5.499932862993974E+01
5.502585071764076E+01
5.461140368070021E+01
5.316379048312970E+01
5.219989730984212E+01
5.005041183740393E+01
5.403639691785671E+01
5.064144243173740E+01
4.971093415875797E+01
4.936878149187087E+01
4.871101190915188E+01
4.916413653923122E+01
4.935686978386217E+01
4.776781449031272E+01
5.003673922297784E+01
4.780706556130024E+01
4.729416531332803E+01
4.802935825384684E+01
4.853000075286987E+01
4.960688570852086E+01
4.899277052596150E+01
5.059881839875880E+01
4.724167181665824E+01
4.613001751100790E+01
4.768136212067272E+01
4.993152588366446E+01
4.704931751022497E+01
4.949988704221244E+01
5.040491883801938E+01
4.890321570041780E+01
4.621338418263305E+01
4.677759505234577E+01
4.811781757678956E+01
4.717488598165571E+01
5.128844233763709E+01
4.700225090227082E+01
4.578613534382055E+01
4.595038176252935E+01
4.750065865178384E+01
4.424955064181983E+01
4.485678064181928E+01
4.543000584072856E+01
5.007055735843410E+01
5.104920501224613E+01
4.960080503581317E+01
5.072104524259606E+01
4.822628410077257E+01
4.900806127975294E+01
4.693193757997638E+01
5.207735580375605E+01
4.321308858775858E+01
4.218963433026389E+01
4.316541434328838E+01
4.402245621705791E+01
4.485449987338936E+01
4.578134958959539E+01
5.178223964290072E+01
4.667185553548786E+01
5.144252526512161E+01
5.032256776459240E+01
4.748082604902127E+01
5.104605296507393E+01
4.829132282977364E+01
4.911955102222637E+01
4.989704945090882E+01
4.097737626710349E+01
5.293993201909414E+01
5.066048874372051E+01
4.031701851082754E+01
4.139074079156070E+01
4.249197162331233E+01
4.355467504125595E+01
4.576805698176062E+01
5.257107784696790E+01
4.667893231790796E+01
5.220501959603585E+01
5.179974139992216E+01
4.755623397329316E+01
4.842983454244406E+01
5.132552453395805E+01
4.994072064566234E+01
5.069562038907971E+01
4.926511782771296E+01
4.457943246775876E+01
5.386230120954236E+01
3.971281726134178E+01
4.332198465849829E+01
4.598482518143410E+01
4.998837753163943E+01
3.958706424230932E+01
4.090795832801261E+01
4.221500774053714E+01
4.388244625551926E+01
5.340277291028020E+01
4.506154336380035E+01
5.299657529278994E+01
5.258652979088190E+01
5.211340964701885E+01
4.783621439776727E+01
5.152921314681543E+01
4.873020275426787E+01
4.958975037319970E+01
3.826630745236131E+01
4.679796002758686E+01
5.080761074790016E+01
3.838079913234469E+01
3.668346485774569E+01
5.485030511013107E+01
3.781498606951098E+01
4.649376791475004E+01
3.919232241456726E+01
4.081702731682614E+01
4.331959022517183E+01
5.425887612925061E+01
4.449932148950084E+01
5.381632436713674E+01
5.341184482993904E+01
5.294448270467547E+01
4.730238842547599E+01
5.237865961946362E+01
5.180627767011605E+01
4.820043972725844E+01
5.044795139015527E+01
4.910769972795368E+01
5.133499881984275E+01
5.002162114889767E+01
3.545708416330529E+01
4.240197533815096E+01
4.567186639551102E+01
3.402521865671761E+01
5.607275796379547E+01
3.392101872713010E+01
4.218582704149892E+01
5.501364464504582E+01
4.394705716052485E+01
5.041564371288631E+01
3.144237106388496E+01
3.918714511271031E+01
4.095806472200671E+01
5.578709754021924E+01
5.465180494563040E+01
4.485078992480457E+01
5.425929874641205E+01
4.579115420179388E+01
4.666174364493632E+01
5.323650902552087E+01
4.753174995512553E+01
5.266586589979750E+01
4.843516104676139E+01
5.223361769352267E+01
5.090106993601152E+01
5.179529837483060E+01
3.678392087779884E+01
4.285520449358641E+01
5.392393275216536E+01
4.947653066058131E+01
5.729962166372791E+01
2.784688475477563E+01
3.464673351599075E+01
5.472912251223715E+01
5.300103839462340E+01
2.631506495655480E+01
3.978056773916717E+01
4.137935704190327E+01
4.197577434079568E+01
4.314592211848396E+01
5.678996310315724E+01
5.550391562308387E+01
4.401333148666077E+01
5.639909531667572E+01
5.511015691031692E+01
4.497698269498014E+01
4.587237249934175E+01
5.412279076271204E+01
4.672201030279269E+01
5.349357933946566E+01
5.485888463347481E+01
4.758134854670233E+01
4.847529092719219E+01
5.116983545194550E+01
4.937792147223575E+01
5.033954682369214E+01
5.208178780041460E+01
3.064271075783749E+01
3.727614115647969E+01
5.283421592110013E+01
2.181009850509123E+01
2.871252245146396E+01
3.808190873593182E+01
5.857806588739467E+01
3.364074277850627E+01
3.918857921181344E+01
4.334891535366938E+01
5.426032355322793E+01
5.369106768545009E+01
2.543359121487801E+01
4.059975935445848E+01
4.158470246558810E+01
4.258214548224615E+01
5.780629890741834E+01
5.598838408140360E+01
5.732256811108223E+01
5.549787351187928E+01
5.688191459911152E+01
4.510522329684613E+01
4.591604966008875E+01
5.579445388662278E+01
4.671279172164986E+01
4.754382458932361E+01
4.841229486299041E+01
5.123716144312776E+01
4.931591184343506E+01
5.302943314417615E+01
5.029106173458029E+01
5.217583522484050E+01
2.001016913436197E+01
4.412651820698208E+01
5.510583558018931E+01
5.381692328507105E+01
1.808920777605998E+01
4.156118537123678E+01
1.297873338801697E+01
2.484955644622013E+01
5.956410962649436E+01
4.028301165154034E+01
1.196623749956623E+01
4.262211376457083E+01
5.863139824593021E+01
4.314851242345466E+01
2.084455778927111E+01
5.939403119059984E+01
5.822684354283061E+01
4.375457542657207E+01
4.451382242759712E+01
5.638428278171710E+01
5.777690448915980E+01
4.524160444787979E+01
5.727539603567553E+01
5.671715115544938E+01
4.594518543352176E+01
5.618207426274510E+01
5.483926521050748E+01
4.668958518230978E+01
5.578843419419635E+01
4.750172382711932E+01
5.454363332669402E+01
4.837273684102087E+01
5.124732739965909E+01
4.928070442131704E+01
5.314574371164005E+01
5.026962812911120E+01
5.222365795392028E+01
5.412437067876628E+01
0.000000000000000E+00
1.794333832658344E+01
2.169295556941370E+01
6.049886465390284E+01
4.348551061259756E+01
4.919974130629003E+01
6.031629522838814E+01
5.910572176133362E+01
5.999652711722192E+01
5.867723673904934E+01
4.416950751387603E+01
4.475103776017389E+01
5.817147228901526E+01
4.532787063726922E+01
5.761458570601049E+01
5.710870739217186E+01
4.595182281456053E+01
5.672911354776992E+01
4.667522160884631E+01
5.548727901750151E+01
4.749874231674765E+01
5.522683662070342E+01
5.639125975896098E+01
4.838661366395883E+01
5.412657305625894E+01
5.128832644452149E+01
5.510105975962137E+01
5.321317499249022E+01
5.232346524655068E+01
5.024998862031979E+01
6.141455951200150E+01
4.415215809872256E+01
5.602377404341460E+01
5.498610779285442E+01
6.091236643756950E+01
5.957867437229690E+01
6.047279059338150E+01
5.907289918216397E+01
4.446297458202977E+01
5.851440798030956E+01
4.484135825140986E+01
5.801296784889690E+01
4.529680367719038E+01
5.764852474989703E+01
4.591946764430608E+01
4.668450347734250E+01
5.732729723601106E+01
4.757521850279722E+01
5.683704599845905E+01
5.607007482726307E+01
4.854535679676793E+01
5.422974940842773E+01
5.146723692855212E+01
4.958959957041399E+01
5.335888913598099E+01
5.254841197750468E+01
5.069728926334204E+01
6.137041098795213E+01
5.607184717036968E+01
6.219727615593251E+01
4.440555186844239E+01
4.448451094334296E+01
6.236790539425458E+01
6.182464121855397E+01
6.135221525703419E+01
5.996677249517172E+01
6.084340071984987E+01
5.941117813993332E+01
5.891563382987848E+01
5.856506825950648E+01
4.511742801663457E+01
4.583789811466737E+01
5.829742377961141E+01
4.673634294025361E+01
5.707602262751796E+01
4.778260084801932E+01
4.885911557753462E+01
5.443693385483554E+01
5.532489775149467E+01
5.726763303952079E+01
4.996434252068288E+01
5.181807442471383E+01
5.361947855427655E+01
5.649274643368090E+01
5.110299786943466E+01
5.294300170099275E+01
4.454924299215185E+01
5.796731368700104E+01
6.296035634449336E+01
4.405522825230442E+01
4.371041035130971E+01
4.813903127665076E+01
5.812808604424888E+01
5.458362713850794E+01
6.320582348411913E+01
6.269389378306303E+01
6.220977167952477E+01
6.169853407618196E+01
6.029262055544609E+01
6.115222428221794E+01
5.980550404983467E+01
5.946745509662553E+01
4.412868266915476E+01
5.923599502481104E+01
4.478797191214803E+01
5.906281646258899E+01
4.568086534310014E+01
5.808888876970126E+01
5.899961153054889E+01
4.910618842427262E+01
5.759559332925582E+01
5.026450333346256E+01
5.227291820977217E+01
5.409055055140949E+01
5.696451039472595E+01
5.352583006880950E+01
5.147098254840201E+01
4.689868148384188E+01
5.563490531035072E+01
6.370251343094652E+01
4.278402273450462E+01
6.404721874411420E+01
6.352561740481899E+01
6.303796486138273E+01
6.252574004875508E+01
6.198484717593468E+01
6.067294541743780E+01
6.151308279805547E+01
6.034496936565886E+01
4.278077908116571E+01
6.012920315755363E+01
4.336910625096775E+01
5.999108698878457E+01
4.423850017564057E+01
4.534964633762788E+01
5.994102813909517E+01
4.653812636326032E+01
5.892772484930855E+01
4.796464262697134E+01
5.986033784236638E+01
5.860316541188713E+01
5.525054270788596E+01
4.915875640369160E+01
5.644099300654081E+01
5.809936443161519E+01
5.041212323979775E+01
5.480126399396587E+01
5.764217787783651E+01
5.278855938870215E+01
5.172258659338951E+01
5.438234329030718E+01
6.475364481524133E+01
4.051672411275912E+01
6.478638374978348E+01
4.167482909784754E+01
5.557944921253792E+01
5.486083479547716E+01
6.433310823766978E+01
6.383799249810082E+01
6.331929965098972E+01
6.278284291663334E+01
6.231949713357865E+01
6.119281712748831E+01
6.200484442791236E+01
6.098712155195320E+01
6.086410372505883E+01
4.232435727516963E+01
4.357145754211489E+01
6.083293690898733E+01
4.492452717319985E+01
6.077848481378123E+01
4.625922102289183E+01
5.959101967820928E+01
4.777968091637997E+01
6.055779584364219E+01
5.917997275321524E+01
5.601630750967959E+01
4.912181156060942E+01
5.879481661571354E+01
5.727040886838552E+01
5.046766701050836E+01
5.851377661047437E+01
5.180778996962119E+01
5.585506520614431E+01
5.332787560806964E+01
6.600045836921981E+01
3.601162413185008E+01
4.613658232151852E+01
5.061125344337817E+01
5.948508396102221E+01
6.558293820207761E+01
6.512283408814193E+01
6.461121399910880E+01
6.407939877378303E+01
6.354246752901683E+01
6.308539027990319E+01
6.277465663035157E+01
6.180462219986196E+01
6.256293378721405E+01
6.169287168448573E+01
4.146584440514025E+01
6.167690209762615E+01
4.324088988063777E+01
6.164467007391186E+01
4.483245257003323E+01
6.146762233819456E+01
6.021810904522073E+01
6.119462242273922E+01
5.990443563535189E+01
4.931997564021948E+01
5.675841733909768E+01
5.966796639125974E+01
5.321244412908297E+01
5.733840473558067E+01
5.472227342826500E+01
5.616241128058942E+01
3.937719275872247E+01
4.765043416357908E+01
5.836478854055049E+01
5.179629306204193E+01
2.950839426427027E+01
6.305385790793792E+01
3.232913321214403E+01
5.328767478038368E+01
5.128593457681789E+01
6.787523521760031E+01
6.661383008933259E+01
6.591308841031740E+01
6.534082624517589E+01
6.479553627377737E+01
6.426110651719219E+01
6.380922405486230E+01
6.350131394853427E+01
6.245313891361658E+01
6.328009458839204E+01
3.615337530017857E+01
6.247471783094127E+01
3.931242763317550E+01
4.175571077804128E+01
6.246651255661926E+01
4.370450832197121E+01
6.231218481184870E+01
4.537323539787800E+01
6.209563071589314E+01
6.095686596418211E+01
4.691004616286806E+01
6.192910558693749E+01
6.079301170727626E+01
4.842353543621181E+01
6.064480003927740E+01
5.900763542172160E+01
5.780979053580027E+01
5.462947765558410E+01
5.267816426458226E+01
5.005446757652658E+01
6.031981429911870E+01
5.645546849295786E+01
6.997887407414522E+01
2.319682751547574E+01
6.916451530679952E+01
4.903870481097722E+01
5.758801005847550E+01
6.829523231042664E+01
6.732796504295951E+01
6.657552809253791E+01
6.597649894185015E+01
6.543710046901188E+01
6.492219515735299E+01
6.448608683558865E+01
6.418435609875581E+01
6.396385204860125E+01
6.317539858878866E+01
3.294741964207389E+01
3.747823316091256E+01
4.072261674321061E+01
6.310065130123550E+01
4.292946496235867E+01
6.291740523891542E+01
4.470328646948055E+01
4.626387602735010E+01
6.280920378523491E+01
6.184867795602352E+01
4.775432474016371E+01
6.279941579252744E+01
6.183201109510317E+01
6.191829306516706E+01
5.957820283873979E+01
5.018448369847211E+01
6.089474120263733E+01
5.427335011450185E+01
5.850302992101737E+01
5.594473204240209E+01
6.232273855755661E+01
5.369368977715414E+01
6.376455009785730E+01
2.650848572420807E+01
6.331908433283954E+01
5.174335852117817E+01
1.695372875317844E+01
2.207953815726183E+01
5.295108632915039E+01
2.825190276659029E+01
5.098915017411205E+01
3.501220144702514E+01
7.134439191125105E+01
5.504397839649751E+01
6.436601792128464E+01
6.406625812420388E+01
4.240490794640161E+01
4.567137299643952E+01
5.019467820947087E+01
6.024499702797080E+01
5.529311466517506E+01
6.846764071778600E+01
6.769068251100970E+01
6.703982741831527E+01
6.648350757492486E+01
6.597207615566205E+01
6.549600086641379E+01
6.509549735102489E+01
6.482484388745090E+01
1.814223014066707E+01
6.460000975862580E+01
6.393216189958513E+01
6.447424531717684E+01
6.383222329324368E+01
6.366340833440712E+01
6.359662913894030E+01
6.363819556399359E+01
6.287882760937133E+01
4.700871368953705E+01
6.378339771139504E+01
6.311863772117245E+01
6.366073412095651E+01
6.157730787700185E+01
6.310071185409014E+01
6.453014924859097E+01
7.041761013575307E+01
6.941737517988348E+01
4.055769389072898E+01
4.425662643126213E+01
4.875333486948993E+01
5.979712007240164E+01
5.727982246539906E+01
0.000000000000000E+00
1.584075371808475E+01
4.000948343558098E+01
5.729948646997866E+01
4.247130897850748E+01
7.255124832759267E+01
6.000628810407385E+01
4.928000037446008E+01
7.150508144514126E+01
7.044129910795155E+01
6.736121578909378E+01
6.557579920476772E+01
4.455725749708368E+01
6.371312344557076E+01
7.232900405337240E+01
7.125531905299357E+01
7.016291333545361E+01
6.929060187545588E+01
6.784292015094866E+01
6.640936994020569E+01
6.596449756909408E+01
6.540113278361773E+01
6.489685283829668E+01
6.509447324914126E+01
6.448205125977915E+01
6.433808809585412E+01
6.429905161656102E+01
4.313390520334147E+01
6.437351119289703E+01
6.453527153333494E+01
6.411468877618823E+01
4.755294924071040E+01
6.488699850292318E+01
6.475878801596203E+01
6.230693392394203E+01
6.401444959589593E+01
6.571982414664366E+01
6.560018270996974E+01
6.689988192697813E+01
6.852323932045462E+01
6.692464905663024E+01
6.525814239377459E+01
6.465083263738087E+01
4.587613484982337E+01
4.780616213401986E+01
4.527718942435018E+01
6.891306659427407E+01
7.366505425086027E+01
4.401312158607433E+01
4.652778409884265E+01
6.821044070119817E+01
6.809086737780372E+01
7.314460050594228E+01
6.929739105067961E+01
6.787199449839012E+01
6.710901357962670E+01
6.573056996165519E+01
6.536647333138694E+01
6.488860614689591E+01
7.219595919190876E+01
7.193456837529919E+01
7.103639163384234E+01
7.085787698355578E+01
7.001323921197732E+01
6.677488190486838E+01
6.638300159164216E+01
6.582659091407774E+01
6.546112577351447E+01
6.565211181670539E+01
6.533519472658249E+01
6.508311774219071E+01
6.494819173709776E+01
6.492622059430761E+01
6.501870714950256E+01
6.520033470603221E+01
6.560635894094963E+01
6.606171692353290E+01
6.660294368295965E+01
6.783892548065768E+01
6.666411941684680E+01
6.814373624069081E+01
6.739461434979553E+01
6.924717090759663E+01
7.323060017052333E+01
6.742701045774834E+01
6.595461751802279E+01
7.468375069659032E+01
6.776217748574160E+01
6.979828080354525E+01
7.071613075092534E+01
7.165988147835043E+01
7.158669552901341E+01
6.735279952958307E+01
6.819634309968016E+01
7.397241316089811E+01
7.427513050155844E+01
7.380751525924713E+01
7.287393094660217E+01
7.253846871599289E+01
7.168523089516519E+01
6.678292249132816E+01
6.646456957952698E+01
6.616328006521027E+01
6.629990676562205E+01
6.597580049263634E+01
6.615114438225389E+01
6.587370392141725E+01
6.564426251622061E+01
6.550666356406774E+01
6.549052781306372E+01
6.558659847980491E+01
6.576926046738221E+01
6.708464187259256E+01
6.925768926525659E+01
7.055197119926399E+01
7.029144799694622E+01
7.155336778350014E+01
6.764405966111485E+01
6.714711655873224E+01
6.613278858595820E+01
6.723288137083729E+01
6.995548603801603E+01
6.768604796206810E+01
7.244704099646461E+01
7.555030672119678E+01
7.493585149997513E+01
6.785498832395953E+01
7.224491685313878E+01
6.764942282629477E+01
6.668704142196567E+01
6.642110959967080E+01
7.096471828140474E+01
7.488200707263276E+01
7.517413170077005E+01
7.469870353983151E+01
7.427811670935833E+01
7.342080539066438E+01
7.299808120479298E+01
6.740661036696035E+01
6.713653928030672E+01
6.688202794271473E+01
6.643991046308638E+01
6.661488820740257E+01
6.635708557753615E+01
6.614648147066310E+01
6.601878556688966E+01
6.600352093229544E+01
6.609539815749466E+01
6.625258225811100E+01
6.701333964655660E+01
7.176724150144976E+01
7.293309232164546E+01
7.249435038022365E+01
7.313443375123704E+01
7.402722789904965E+01
6.748941552459900E+01
6.666789331777848E+01
6.803235700523180E+01
6.895496868825927E+01
6.774923145999384E+01
7.818341989670751E+01
7.338740191259932E+01
7.648779812354708E+01
7.460964872286230E+01
6.759840891533338E+01
6.707234142503191E+01
7.577357517360927E+01
7.606927510077992E+01
7.557155557686863E+01
7.509798757833609E+01
7.386455962614791E+01
6.766503205204781E+01
6.746510392637452E+01
6.724970626994758E+01
6.767075769432580E+01
6.687882317760170E+01
6.705647053561808E+01
6.680514362865708E+01
6.660338703060685E+01
6.648194946794145E+01
6.646434776559617E+01
6.654592111954634E+01
6.668978224449353E+01
6.686169000978478E+01
6.750902767344689E+01
6.833890604000918E+01
7.433344707889412E+01
7.552923294310685E+01
7.520212179827283E+01
7.603491423847956E+01
7.687701625404982E+01
6.984403336216268E+01
6.709932527127197E+01
7.348310193205035E+01
7.310299065742552E+01
7.615127940137047E+01
6.787947805332641E+01
7.435133917933193E+01
7.747251044203144E+01
8.188953407096582E+01
6.874040866348892E+01
7.532199214678964E+01
6.757095698632874E+01
6.752477059480429E+01
7.645352759128302E+01
7.669968544620731E+01
7.699348090553666E+01
7.647131761828039E+01
7.595616789599846E+01
6.776239471524485E+01
6.731803227725712E+01
6.749637554780507E+01
6.722948386744592E+01
6.702293581570190E+01
6.689755255652061E+01
6.686917825429323E+01
6.693065786562906E+01
6.705122248932751E+01
6.722186087394296E+01
6.771921593090511E+01
6.814271822566108E+01
7.708449311894185E+01
7.909356670626875E+01
7.850556977788479E+01
7.832852619722848E+01
8.022025881818657E+01
6.795762599095718E+01
6.783747321669807E+01
6.746864140998997E+01
6.829626428258753E+01
6.808061540082126E+01
7.628479470061914E+01
7.925250016607852E+01
7.849948107820043E+01
8.626829253181120E+01
6.820673148507653E+01
6.815662033704808E+01
6.827532684977795E+01
7.973343716070789E+01
8.348336367512682E+01
7.764649641456695E+01
7.793629543499669E+01
7.740808779084044E+01
7.687552823336189E+01
6.819225173167895E+01
6.787074948184352E+01
6.787314946177911E+01
6.795129754991798E+01
6.764762972815292E+01
6.741747622231188E+01
6.727447753542492E+01
6.722439047597426E+01
6.725475601973174E+01
6.733754760644641E+01
6.746785372229556E+01
6.780599687166779E+01
6.805135052237186E+01
8.230332930457563E+01
6.781199300034703E+01
8.215657334474146E+01
8.219635296021998E+01
7.954021305804707E+01
8.219035184158716E+01
6.816802918708271E+01
6.832756305649383E+01
7.719370979050964E+01
8.581147585897945E+01
9.183503806624407E+01
7.847961635392576E+01
6.819187295817740E+01
8.507700260673319E+01
8.812306355588264E+01
7.892416943981185E+01
7.840467991183539E+01
7.784667095346666E+01
6.850270593791961E+01
6.829898083283445E+01
6.807729461570949E+01
6.842178950410549E+01
6.780347085589625E+01
6.762625811514043E+01
6.754444604049370E+01
6.753596046039847E+01
6.757223853166555E+01
6.764775255084361E+01
6.787814045752759E+01
6.803618840395974E+01
6.816748200651456E+01
8.646664255258258E+01
7.950102233031826E+01
6.859315256830932E+01
6.831150591617758E+01
8.663662159914715E+01
1.000000000000000E+02
6.812471855197796E+01
6.876484629224873E+01
7.824893733239493E+01
9.069320489964346E+01
9.602199307635178E+01
8.071724526811624E+01
8.050373133961283E+01
7.983208172924864E+01
6.893765915636193E+01
6.880594592269026E+01
7.949133041931161E+01
7.894747779029272E+01
6.860513933648453E+01
6.879552906997105E+01
6.891182182709846E+01
6.818974127109348E+01
6.852103268025007E+01
6.796089506948820E+01
6.784220350912051E+01
6.779118584233986E+01
6.777967362697873E+01
6.779886862910217E+01
6.795478049071933E+01
6.805797345954775E+01
6.811298336989374E+01
9.134045723494415E+01
9.076600923523718E+01
6.933885671438301E+01
1.000000000000000E+02
1.000000000000000E+02
6.811682990826013E+01
6.952400104028470E+01
7.951819861962458E+01
8.212399841547226E+01
9.414426488386235E+01
6.824722664057457E+01
7.090410046169778E+01
9.540246411783394E+01
8.156886917706898E+01
8.063782421696762E+01
8.024959965459439E+01
6.914486246019464E+01
6.988960926221428E+01
6.935687768548279E+01
6.943589204426978E+01
6.897431327460389E+01
6.812525906339050E+01
6.803157979393724E+01
6.797575349451110E+01
6.794278002815750E+01
6.804148276782497E+01
6.810635665674073E+01
6.810777673034397E+01
6.858186960110561E+01
1.000000000000000E+02
8.371108278970715E+01
7.251813678365980E+01
8.101194094889613E+01
6.813248281865886E+01
6.812091815304787E+01
8.308018345426217E+01
7.075234233920314E+01
6.999684427587513E+01
7.000796935234870E+01
6.945923767189586E+01
6.902118211405535E+01
6.840917149158196E+01
6.826935275298690E+01
6.872816916377359E+01
6.816256657312715E+01
6.815269662583299E+01
8.191029133153071E+01
7.193747304805771E+01
6.810047345047569E+01
6.815743276437459E+01
8.584531746036895E+01
7.369619443035205E+01
8.280289471895620E+01
6.820840669176776E+01
8.368458648100784E+01
7.134586108654426E+01
7.286828966950885E+01
6.903835291243571E+01
6.823579196237580E+01
7.318618477741674E+01
7.065324770229019E+01
7.062147496385639E+01
6.998901260690134E+01
6.943802951745110E+01
6.851786251277912E+01
6.879788995527666E+01
6.835062786426872E+01
8.549328206085131E+01
7.217360729704073E+01
6.821219217076776E+01
6.827251090367902E+01
6.986089932724720E+01
7.468991198199667E+01
8.519298956508395E+01
8.901063228414115E+01
8.969608413330661E+01
6.875371704990775E+01
6.914524198020291E+01
7.067993841506092E+01
7.116412194831102E+01
7.424550997842613E+01
7.377986117093229E+01
7.127861589770265E+01
7.321016577947715E+01
7.183523472564316E+01
7.268558772634869E+01
6.854441119989987E+01
6.834688725053783E+01
6.830511523898227E+01
1.000000000000000E+02
6.852645850072210E+01
7.226597072915494E+01
6.837513709845622E+01
7.147218878918076E+01
7.313303923564931E+01
7.582722315036705E+01
7.347047457265153E+01
7.530742107149835E+01
7.482997086756127E+01
6.846354893947647E+01
7.426588820479049E+01
7.491055732870549E+01
7.403446487915815E+01
7.702853935590859E+01
7.643540292227065E+01
7.589676179299445E+01
7.553856801374236E+01
7.597451521683841E+01
7.827958399308123E+01
7.642752458498285E+01
7.649206469034553E+01
7.762801278629520E+01
7.697239440898691E+01
7.953588602077103E+01
7.720450686791899E+01
7.884876218839841E+01
7.814205362473371E+01
7.733298627377560E+01
7.856841036143540E+01
8.093314957635816E+01
7.924832394848653E+01
8.010904113416984E+01
7.869064488192789E+01
8.278103913376637E+01
8.006481083186674E+01
8.161571276265111E+01
8.028533494238474E+01
8.162246961409943E+01
8.544171356781706E+01
8.377805799329164E+01
8.182274077361447E+01
8.955318796990034E+01
8.392406495908332E+01
8.790994113802854E+01
1.000000000000000E+02
