0.000000000000000E+00
0.000000000000000E+00
0.000000000000000E+00
0.000000000000000E+00
0.000000000000000E+00
0.000000000000000E+00
0.000000000000000E+00
0.000000000000000E+00
0.000000000000000E+00
0.000000000000000E+00
5.000000000000000E+01
0.000000000000000E+00
2.214998071557879E+00
4.429996143115758E+00
6.680237125351477E+00
9.071449750298553E+00
1.182932717399392E+01
1.540594834700522E+01
2.076121730680319E+01
3.019030432670080E+01
5.000000000000000E+01
1.000000000000000E+02
0.000000000000000E+00
4.429996143115758E+00
8.824749375553678E+00
1.321950260799160E+01
1.777623470184882E+01
2.283991059867190E+01
2.903324890722378E+01
3.744861655350676E+01
5.000000000000001E+01
6.980969567329920E+01
1.000000000000000E+02
0.000000000000000E+00
6.680237125351479E+00
1.321950260799160E+01
1.959678922921242E+01
2.597407585043324E+01
3.272083161162109E+01
4.043852012971124E+01
5.000000000000004E+01
6.255138344649328E+01
7.923878269319680E+01
1.000000000000000E+02
0.000000000000000E+00
9.071449750298555E+00
1.777623470184882E+01
2.597407585043324E+01
3.380244785905060E+01
4.163081986766797E+01
5.000000000000009E+01
5.956147987028887E+01
7.096675109277628E+01
8.459405165299479E+01
1.000000000000000E+02
0.000000000000000E+00
1.182932717399392E+01
2.283991059867190E+01
3.272083161162109E+01
4.163081986766796E+01
5.000000000000009E+01
5.836918013233219E+01
6.727916838837905E+01
7.716008940132819E+01
8.817067282600615E+01
1.000000000000000E+02
0.000000000000000E+00
1.540594834700522E+01
2.903324890722378E+01
4.043852012971124E+01
5.000000000000007E+01
5.836918013233219E+01
6.619755214094955E+01
7.402592414956688E+01
8.222376529815124E+01
9.092855024970147E+01
1.000000000000000E+02
0.000000000000000E+00
2.076121730680321E+01
3.744861655350676E+01
5.000000000000004E+01
5.956147987028886E+01
6.727916838837903E+01
7.402592414956690E+01
8.040321077078769E+01
8.678049739200847E+01
9.331976287464859E+01
1.000000000000000E+02
0.000000000000000E+00
3.019030432670083E+01
5.000000000000003E+01
6.255138344649330E+01
7.096675109277628E+01
7.716008940132816E+01
8.222376529815126E+01
8.678049739200847E+01
9.117525062444639E+01
9.557000385688430E+01
1.000000000000000E+02
0.000000000000000E+00
5.000000000000001E+01
6.980969567329920E+01
7.923878269319684E+01
8.459405165299482E+01
8.817067282600613E+01
9.092855024970149E+01
9.331976287464855E+01
9.557000385688427E+01
9.778500192844217E+01
1.000000000000000E+02
5.000000000000000E+01
1.000000000000000E+02
1.000000000000000E+02
1.000000000000000E+02
1.000000000000000E+02
1.000000000000000E+02
1.000000000000000E+02
1.000000000000000E+02
1.000000000000000E+02
1.000000000000000E+02
1.000000000000000E+02