2339
0 1 2
4 0 2
4 3 0
4 2 6
4 8 3
8 5 3
7 4 6
7 8 4
8 14 5
14 10 5
12 7 6
12 6 9
13 8 7
12 13 7
13 11 8
11 14 8
20 12 9
20 9 15
14 21 10
21 16 10
19 11 13
18 14 11
19 18 11
20 13 12
20 19 13
18 17 14
17 21 14
29 20 15
29 15 23
21 24 16
24 22 16
27 17 18
26 21 17
27 26 17
28 18 19
28 27 18
29 19 20
29 28 19
21 25 24
26 25 21
24 39 22
39 30 22
38 29 23
33 23 31
33 38 23
32 24 25
32 39 24
35 25 26
34 32 25
35 34 25
36 26 27
36 35 26
37 27 28
37 36 27
38 28 29
38 37 28
39 50 30
50 41 30
48 33 31
49 31 40
49 48 31
34 45 32
45 39 32
33 44 38
48 44 33
46 34 35
43 45 34
46 43 34
47 35 36
47 46 35
51 36 37
51 47 36
44 37 38
44 51 37
45 42 39
42 50 39
62 49 40
62 40 53
50 55 41
55 52 41
63 42 45
56 50 42
63 56 42
43 63 45
57 43 46
57 63 43
48 51 44
58 46 47
58 57 46
59 47 51
59 58 47
49 60 48
48 60 51
49 61 60
62 61 49
50 54 55
56 54 50
60 59 51
55 65 52
75 62 53
75 53 64
66 55 54
67 54 56
67 66 54
66 65 55
63 68 56
67 56 68
58 70 57
57 69 63
70 69 57
59 71 58
71 70 58
60 72 59
72 71 59
61 72 60
62 74 61
61 73 72
74 73 61
75 74 62
63 69 68
87 75 64
87 64 76
66 77 65
67 78 66
78 77 66
80 67 68
80 78 67
81 68 69
81 80 68
70 82 69
81 69 82
71 83 70
83 82 70
72 84 71
84 83 71
73 84 72
74 86 73
73 85 84
86 85 73
75 79 74
74 79 86
87 79 75
87 76 90
100 76 88
100 90 76
91 77 78
91 89 77
80 91 78
98 86 79
87 98 79
81 92 80
92 91 80
93 81 82
93 92 81
83 94 82
94 93 82
84 95 83
95 94 83
85 95 84
97 85 86
96 95 85
97 96 85
98 97 86
87 90 99
87 99 98
113 100 88
113 88 101
103 89 91
103 102 89
111 99 90
100 111 90
103 91 92
93 104 92
104 103 92
94 105 93
105 104 93
95 106 94
106 105 94
96 106 95
97 108 96
96 107 106
108 107 96
98 109 97
109 108 97
99 109 98
99 110 109
111 110 99
100 112 111
113 112 100
116 113 101
116 101 114
117 102 103
117 115 102
117 103 104
105 118 104
117 104 118
106 119 105
105 119 118
106 107 119
108 121 107
120 119 107
121 120 107
109 122 108
122 121 108
109 110 122
111 124 110
123 122 110
124 123 110
112 124 111
126 112 113
125 124 112
126 125 112
116 126 113
116 114 138
139 114 127
139 138 114
129 115 117
140 128 115
140 115 129
116 138 126
129 117 118
131 118 119
131 129 118
120 131 119
121 132 120
120 130 131
132 130 120
122 133 121
133 132 121
123 133 122
135 123 124
123 134 133
135 134 123
125 135 124
126 137 125
125 136 135
137 136 125
138 137 126
151 139 127
151 127 142
143 128 140
143 141 128
140 129 131
130 140 131
132 152 130
152 140 130
133 144 132
144 152 132
134 144 133
135 146 134
145 144 134
146 145 134
136 146 135
137 148 136
136 147 146
148 147 136
138 149 137
149 148 137
139 149 138
139 150 149
151 150 139
152 143 140
143 156 141
141 156 154
155 151 142
165 142 153
165 155 142
152 156 143
145 157 144
157 152 144
146 159 145
145 158 157
159 158 145
147 159 146
148 161 147
147 160 159
161 160 147
149 162 148
162 161 148
150 162 149
164 150 151
163 162 150
164 163 150
155 164 151
157 156 152
165 153 166
169 154 156
177 168 154
177 154 169
155 176 164
165 176 155
169 156 157
158 169 157
159 170 158
177 169 158
170 177 158
160 170 159
161 172 160
160 178 170
172 178 160
162 173 161
173 172 161
163 173 162
164 175 163
163 174 173
175 174 163
176 175 164
165 166 167
165 167 171
165 171 176
171 167 180
181 168 177
181 179 168
178 177 170
171 187 176
171 180 187
184 172 173
172 183 178
184 183 172
184 173 174
175 186 174
185 184 174
186 185 174
176 187 175
187 186 175
178 181 177
182 181 178
182 178 183
182 179 181
182 189 179
187 180 193
193 180 188
192 182 183
192 189 182
190 183 184
190 192 183
185 190 184
186 191 185
185 194 190
191 194 185
187 193 186
193 191 186
193 188 199
188 195 199
198 189 192
198 196 189
194 192 190
193 199 191
191 199 194
194 198 192
197 198 194
197 194 199
195 201 199
203 196 198
202 200 196
203 202 196
197 203 198
197 199 201
197 201 203
202 206 200
204 200 206
203 201 205
207 202 203
207 206 202
207 203 205
211 204 206
211 208 204
212 207 205
212 205 209
207 210 206
210 211 206
212 210 207
211 214 208
217 212 209
217 209 213
210 215 211
212 215 210
215 214 211
212 216 215
217 216 212
222 217 213
222 213 220
215 218 214
215 216 218
217 221 216
218 216 219
221 219 216
222 221 217
221 225 219
224 222 220
220 223 227
224 220 227
222 226 221
226 225 221
224 226 222
223 228 227
224 233 226
224 227 233
232 225 226
231 230 225
232 231 225
233 232 226
229 227 228
233 227 229
233 229 234
231 237 230
237 235 230
232 236 231
231 236 237
233 234 232
232 234 236
237 240 235
240 238 235
237 236 239
237 239 240
240 244 238
243 241 238
244 243 238
245 240 239
239 242 246
245 239 246
245 244 240
250 246 242
248 250 242
244 249 243
245 249 244
245 246 249
247 249 246
247 246 250
247 250 252
254 250 248
255 248 251
255 254 248
253 252 250
254 253 250
262 255 251
262 251 257
253 258 252
258 256 252
260 253 254
259 258 253
260 259 253
261 254 255
261 260 254
263 261 255
263 255 262
258 269 256
269 265 256
268 262 257
257 264 271
268 257 271
259 273 258
273 269 258
274 259 260
266 273 259
274 266 259
267 260 261
267 274 260
275 261 263
275 267 261
270 263 262
270 262 268
272 263 270
272 275 263
264 286 271
264 277 286
269 278 265
278 276 265
266 283 273
284 266 274
284 283 266
291 274 267
291 267 275
285 270 268
285 268 271
273 279 269
269 279 278
287 272 270
287 270 285
285 271 288
288 271 286
289 275 272
290 272 287
290 289 272
273 282 279
273 283 282
280 284 274
291 280 274
289 281 275
281 291 275
299 286 277
299 277 292
282 293 279
297 284 280
298 280 291
298 297 280
303 281 289
300 291 281
303 300 281
295 282 283
294 293 282
295 294 282
284 296 283
296 295 283
297 296 284
302 287 285
302 285 288
301 288 286
301 286 299
307 290 287
307 287 302
304 288 301
304 302 288
305 289 290
305 303 289
306 305 290
306 290 307
300 298 291
316 299 292
316 292 309
294 308 293
312 294 295
311 308 294
312 311 294
313 295 296
313 312 295
297 314 296
314 313 296
326 297 298
326 314 297
315 298 300
315 326 298
301 299 318
316 318 299
317 300 303
317 315 300
304 301 319
301 318 319
310 302 304
310 307 302
320 303 305
320 317 303
322 310 304
322 304 319
321 305 306
321 320 305
323 306 307
321 306 325
323 325 306
324 307 310
324 323 307
311 328 308
336 316 309
336 309 327
324 310 322
312 332 311
345 328 311
345 311 332
333 312 313
333 332 312
334 313 314
334 333 313
326 329 314
329 334 314
330 315 317
337 326 315
330 337 315
338 318 316
338 316 336
346 317 320
346 330 317
339 319 318
339 318 338
340 322 319
340 319 339
341 320 321
341 346 320
343 321 325
343 341 321
324 322 342
340 342 322
347 323 324
331 325 323
347 331 323
347 324 342
344 325 331
344 343 325
326 335 329
337 335 326
356 336 327
356 327 350
345 348 328
370 334 329
370 329 335
371 337 330
371 330 346
365 344 331
365 331 347
353 332 333
345 332 351
353 351 332
354 333 334
354 353 333
370 354 334
337 357 335
355 335 357
355 370 335
358 338 336
358 336 356
371 357 337
359 339 338
359 338 358
360 340 339
360 339 359
362 342 340
362 340 360
364 341 343
361 346 341
364 361 341
363 347 342
363 342 362
366 343 344
366 364 343
368 344 365
368 366 344
345 349 348
369 349 345
369 345 351
361 352 346
352 371 346
367 347 363
367 365 347
369 372 349
376 356 350
382 350 373
382 376 350
353 395 351
395 369 351
387 352 361
352 386 371
387 386 352
380 353 354
380 395 353
381 354 370
381 380 354
355 357 377
355 375 370
396 375 355
396 355 377
383 358 356
383 356 376
384 357 371
384 377 357
385 359 358
385 358 383
397 360 359
397 359 385
388 362 360
388 360 397
364 389 361
387 361 389
390 363 362
390 362 388
392 367 363
392 363 390
391 364 366
391 389 364
393 365 367
393 368 365
398 366 368
398 391 366
394 367 392
394 393 367
378 368 393
378 398 368
369 379 372
374 379 369
395 374 369
375 381 370
384 371 386
379 400 372
409 382 373
409 373 399
374 426 379
401 374 395
401 426 374
406 381 375
396 406 375
410 376 382
410 383 376
411 377 384
411 396 377
422 378 393
424 398 378
424 378 422
379 404 400
426 404 379
405 380 381
427 395 380
405 427 380
406 405 381
412 382 409
412 410 382
413 385 383
413 383 410
414 384 386
414 411 384
402 397 385
402 385 413
415 386 387
415 414 386
417 387 389
417 415 387
418 390 388
416 388 397
418 388 416
420 389 391
420 417 389
403 392 390
403 390 418
421 391 398
421 420 391
428 394 392
428 392 403
422 393 394
425 422 394
425 394 428
427 401 395
407 406 396
408 407 396
411 408 396
419 397 402
419 416 397
423 421 398
424 423 398
442 409 399
442 399 432
404 429 400
401 433 426
427 433 401
445 402 413
419 402 445
403 418 461
428 403 461
426 438 404
404 458 429
438 458 404
439 405 406
434 427 405
439 434 405
407 439 406
441 407 408
440 439 407
441 440 407
411 459 408
435 441 408
435 408 459
444 412 409
444 409 442
443 410 412
443 413 410
414 459 411
446 443 412
446 412 444
445 413 443
447 414 415
447 459 414
448 415 417
448 447 415
436 418 416
460 416 419
460 436 416
450 417 420
450 448 417
436 461 418
419 445 449
460 419 449
451 420 421
451 450 420
452 421 423
452 451 421
453 424 422
453 422 425
456 423 424
454 452 423
456 454 423
456 424 453
425 428 455
457 453 425
457 425 455
426 433 430
426 430 438
427 431 433
434 431 427
437 455 428
437 428 461
458 462 429
438 430 465
434 467 431
470 442 432
473 432 466
473 470 432
439 467 434
471 441 435
475 435 459
475 471 435
460 484 436
436 484 461
495 455 437
488 437 461
495 437 488
438 472 458
438 465 472
440 467 439
441 469 440
440 463 467
440 469 463
471 469 441
474 444 442
474 442 470
445 443 477
446 477 443
478 446 444
478 444 474
445 477 449
480 477 446
480 446 478
479 447 448
476 459 447
479 476 447
482 448 450
482 479 448
483 460 449
481 449 477
483 449 481
485 450 451
485 482 450
487 451 452
487 485 451
489 452 454
489 487 452
490 456 453
490 453 457
493 454 456
491 489 454
493 491 454
492 457 455
492 455 495
493 456 490
494 490 457
494 457 492
458 464 462
458 468 464
472 468 458
476 475 459
486 460 483
486 484 460
488 461 484
468 496 464
472 465 498
473 466 502
466 499 502
472 497 468
471 500 469
503 470 473
503 474 470
475 500 471
472 498 497
504 473 502
504 503 473
505 478 474
505 474 503
506 475 476
506 500 475
507 476 479
507 506 476
481 477 480
480 478 508
505 508 478
509 479 482
509 507 479
510 481 480
510 480 508
511 483 481
511 481 510
512 482 485
512 509 482
513 486 483
513 483 511
515 484 486
515 488 484
514 485 487
514 512 485
518 486 513
518 515 486
516 487 489
516 514 487
495 488 517
515 517 488
519 489 491
519 516 489
521 493 490
521 490 494
525 491 493
501 519 491
525 501 491
523 494 492
520 492 495
523 492 520
525 493 521
524 521 494
524 494 523
495 517 522
520 495 522
553 502 499
553 499 526
506 527 500
546 519 501
549 501 525
549 546 501
530 504 502
530 502 553
531 503 504
531 505 503
532 504 530
532 531 504
533 508 505
533 505 531
534 506 507
534 527 506
536 507 509
536 534 507
510 508 535
533 535 508
538 509 512
538 536 509
537 511 510
537 510 535
539 513 511
539 511 537
540 512 514
540 538 512
542 518 513
542 513 539
541 514 516
541 540 514
528 517 515
528 515 518
543 516 519
543 541 516
545 522 517
545 517 528
544 528 518
544 518 542
546 543 519
529 520 522
547 523 520
529 547 520
548 521 524
548 525 521
554 529 522
554 522 545
550 524 523
550 523 547
551 548 524
551 524 550
552 525 548
552 549 525
553 526 555
534 556 527
545 528 544
574 547 529
574 529 554
560 532 530
559 530 553
560 530 559
561 531 532
561 533 531
562 532 560
562 561 532
563 535 533
563 533 561
557 534 536
557 556 534
564 537 535
564 535 563
582 536 538
582 557 536
565 539 537
565 537 564
540 566 538
582 538 566
568 542 539
568 539 565
567 540 541
567 566 540
569 541 543
569 567 541
583 544 542
583 542 568
571 543 546
571 569 543
570 545 544
570 544 583
554 545 570
572 546 549
572 571 546
573 550 547
574 573 547
577 548 551
577 552 548
576 549 552
576 572 549
578 551 550
578 550 573
581 577 551
581 551 578
580 576 552
580 552 577
558 553 555
559 553 558
575 554 570
579 574 554
579 554 575
558 555 584
557 585 556
582 585 557
591 559 558
590 558 584
591 558 590
592 560 559
592 559 591
593 562 560
593 560 592
594 561 562
594 563 561
593 595 562
594 562 595
596 564 563
596 563 594
597 565 564
597 564 596
599 568 565
599 565 597
600 566 567
582 566 598
600 598 566
602 567 569
602 600 567
601 583 568
601 568 599
613 569 571
613 602 569
575 570 603
570 583 603
587 571 572
587 613 571
576 605 572
587 572 605
614 573 574
589 578 573
614 589 573
614 574 579
606 579 575
588 575 603
606 575 588
607 576 580
607 605 576
580 577 608
581 608 577
609 581 578
609 578 589
610 579 606
610 614 579
612 607 580
612 580 608
611 608 581
611 581 609
586 585 582
586 582 598
604 583 601
604 603 583
590 584 615
586 616 585
625 586 598
625 616 586
634 587 605
634 613 587
633 588 603
636 606 588
636 588 633
609 589 637
614 637 589
618 591 590
617 590 615
618 590 617
619 592 591
619 591 618
620 593 592
620 592 619
621 595 593
621 593 620
622 594 595
622 596 594
623 595 621
623 622 595
624 597 596
624 596 622
626 599 597
626 597 624
600 627 598
625 598 627
628 601 599
628 599 626
629 600 602
629 627 600
631 604 601
631 601 628
630 602 613
630 629 602
633 603 604
635 604 631
635 633 604
638 605 607
638 634 605
640 610 606
640 606 636
641 607 612
641 638 607
644 608 611
644 612 608
642 611 609
642 609 637
610 639 614
610 643 639
640 643 610
646 611 642
646 644 611
645 641 612
645 612 644
632 630 613
634 632 613
614 639 637
617 615 647
625 648 616
653 618 617
649 617 647
653 617 649
654 619 618
654 618 653
655 620 619
655 619 654
656 621 620
656 620 655
657 623 621
657 621 656
658 622 623
658 624 622
659 623 657
659 658 623
660 626 624
660 624 658
650 625 627
650 648 625
661 628 626
661 626 660
662 627 629
662 650 627
664 631 628
664 628 661
663 629 630
663 662 629
665 630 632
665 663 630
666 635 631
666 631 664
669 632 634
667 665 632
669 667 632
668 633 635
668 636 633
669 634 638
670 635 666
670 668 635
671 640 636
671 636 668
672 637 639
672 642 637
641 673 638
669 638 673
675 639 643
675 672 639
640 674 643
671 674 640
676 641 645
676 673 641
646 642 651
672 651 642
677 643 674
677 675 643
680 645 644
680 644 646
678 676 645
678 645 680
679 646 651
679 652 646
652 680 646
649 647 686
647 681 686
712 648 650
712 682 648
687 653 649
687 649 686
712 650 662
706 651 672
679 651 706
711 652 679
710 680 652
711 710 652
688 654 653
688 653 687
689 655 654
689 654 688
690 656 655
690 655 689
657 656 691
690 691 656
692 659 657
692 657 691
693 658 659
693 660 658
694 659 692
694 693 659
695 661 660
695 660 693
697 664 661
697 661 695
696 662 663
696 712 662
698 663 665
698 696 663
666 664 699
697 699 664
700 665 667
700 698 665
701 670 666
701 666 699
713 667 669
683 700 667
713 683 667
702 668 670
702 671 668
713 669 673
703 670 701
703 702 670
704 674 671
704 671 702
706 672 675
705 673 676
705 713 673
707 677 674
707 674 704
714 675 677
714 706 675
684 676 678
684 705 676
685 677 707
685 714 677
708 678 680
715 684 678
715 678 708
709 679 706
711 679 709
710 708 680
722 686 681
721 722 681
731 682 712
718 716 682
731 718 682
738 700 683
741 683 713
741 738 683
750 705 684
750 684 715
745 685 707
751 714 685
751 685 745
723 687 686
723 686 722
688 687 724
723 724 687
725 689 688
725 688 724
726 690 689
726 689 725
727 691 690
727 690 726
692 691 728
727 728 691
730 694 692
730 692 728
729 693 694
729 695 693
729 694 717
730 717 694
732 697 695
732 695 729
734 696 698
733 712 696
734 733 696
735 699 697
735 697 732
736 698 700
736 734 698
737 701 699
737 699 735
738 736 700
739 703 701
739 701 737
740 702 703
740 704 702
742 703 739
742 740 703
743 707 704
743 704 740
744 713 705
750 744 705
709 706 714
745 707 743
748 708 710
719 715 708
748 719 708
747 711 709
709 714 746
747 709 746
711 752 710
748 710 752
747 752 711
733 731 712
744 741 713
751 746 714
749 715 719
749 720 715
720 750 715
791 716 718
791 754 716
767 729 717
790 717 730
767 717 790
768 718 731
768 791 718
785 719 748
785 749 719
793 720 749
783 750 720
793 783 720
759 722 721
755 721 753
758 721 755
759 721 758
760 723 722
760 722 759
761 724 723
761 723 760
762 725 724
762 724 761
763 726 725
763 725 762
764 727 726
764 726 763
765 728 727
765 727 764
766 730 728
766 728 765
767 732 729
790 730 766
769 731 733
769 768 731
792 735 732
792 732 767
770 733 734
770 769 733
736 772 734
770 734 772
771 737 735
771 735 792
738 774 736
736 774 772
773 739 737
773 737 771
775 738 741
775 774 738
742 739 776
773 776 739
777 740 742
777 743 740
778 741 744
778 775 741
779 742 776
779 777 742
780 745 743
780 743 777
756 744 750
756 778 744
781 751 745
781 745 780
782 747 746
784 746 751
784 782 746
786 752 747
786 747 782
787 748 752
787 785 748
789 749 785
789 793 749
783 756 750
788 751 781
788 784 751
757 752 786
757 787 752
755 753 833
753 800 833
791 817 754
817 794 754
758 755 834
834 755 833
837 778 756
837 756 783
838 757 786
839 787 757
839 757 838
810 759 758
810 758 809
809 758 834
811 760 759
811 759 810
812 761 760
812 760 811
813 762 761
813 761 812
814 763 762
814 762 813
815 764 763
815 763 814
816 765 764
816 764 815
818 766 765
818 765 816
802 790 766
802 766 818
819 767 790
792 767 819
769 799 768
768 797 791
768 799 797
835 769 770
835 799 769
804 770 772
804 835 770
822 773 771
821 771 792
822 771 821
836 772 774
836 804 772
823 776 773
823 773 822
805 774 775
805 836 774
826 775 778
826 805 775
824 779 776
824 776 823
779 825 777
780 777 825
837 826 778
827 779 824
827 825 779
781 780 828
780 825 828
788 781 829
781 828 829
830 782 784
807 786 782
830 807 782
806 783 793
806 837 783
831 784 788
831 830 784
808 785 787
808 789 785
838 786 807
839 808 787
832 788 829
832 831 788
789 796 793
789 801 796
808 801 789
820 790 802
820 819 790
791 797 795
791 795 817
803 792 819
821 792 803
793 796 798
806 793 798
817 840 794
817 795 841
806 798 847
835 842 799
848 833 800
854 800 845
848 800 854
839 801 808
839 843 801
862 802 818
820 802 862
882 803 819
864 821 803
864 803 882
804 867 835
836 867 804
883 805 826
883 836 805
806 847 837
874 807 830
874 838 807
858 810 809
809 834 857
879 809 857
858 809 879
811 810 850
858 850 810
880 812 811
880 811 850
813 812 859
880 859 812
860 814 813
860 813 859
851 815 814
851 814 860
861 816 815
861 815 851
881 818 816
881 816 861
817 841 840
862 818 881
882 819 820
820 862 863
882 820 863
865 822 821
865 821 864
866 823 822
866 822 865
868 824 823
868 823 866
869 827 824
869 824 868
870 825 827
870 828 825
871 826 837
871 883 826
872 827 869
872 870 827
873 829 828
873 828 870
876 832 829
876 829 873
875 830 831
875 874 830
877 831 832
877 875 831
878 832 876
878 877 832
834 833 849
855 833 848
849 833 855
834 849 856
857 834 856
835 844 842
835 867 844
852 867 836
883 852 836
871 837 847
839 838 846
838 853 846
874 853 838
839 846 843
888 844 867
854 845 892
892 845 887
871 847 884
848 854 899
855 848 899
849 855 901
856 849 901
924 850 858
924 880 850
925 851 860
925 861 851
852 888 867
883 885 852
852 885 888
898 853 874
921 890 853
921 853 898
854 892 923
899 854 923
855 899 900
901 855 900
857 856 903
856 901 902
903 856 902
879 857 893
893 857 903
894 858 879
924 858 894
905 860 859
904 859 880
905 859 904
925 860 905
896 881 861
896 861 925
907 863 862
907 862 881
909 882 863
908 863 907
909 863 908
911 865 864
910 864 882
911 864 910
912 866 865
912 865 911
913 868 866
913 866 912
914 869 868
914 868 913
897 872 869
897 869 914
872 915 870
873 870 915
871 889 883
871 884 889
916 872 897
916 915 872
917 876 873
917 873 915
898 874 875
919 875 877
919 898 875
918 878 876
918 876 917
920 877 878
920 919 877
922 878 918
922 920 878
879 886 891
879 893 886
894 879 891
904 880 895
924 895 880
906 881 896
907 881 906
910 882 909
883 889 885
893 928 886
892 887 934
934 887 926
955 890 921
955 930 890
957 894 891
957 891 927
923 892 934
893 903 928
957 924 894
958 904 895
932 895 924
958 895 932
906 896 942
942 896 925
959 897 914
916 897 959
921 898 919
900 899 937
899 923 937
901 900 939
900 937 938
939 900 938
902 901 939
903 902 929
902 931 929
902 939 931
903 929 928
940 905 904
940 904 958
941 925 905
941 905 940
944 907 906
943 906 942
944 906 943
908 907 944
946 909 908
945 908 944
946 908 945
947 910 909
947 909 946
948 911 910
948 910 947
949 912 911
949 911 948
950 913 912
950 912 949
951 914 913
951 913 950
959 914 951
960 915 916
960 917 915
916 959 952
960 916 952
933 918 917
933 917 960
961 922 918
961 918 933
953 919 920
953 921 919
954 920 922
954 953 920
955 921 953
954 922 956
961 956 922
923 934 935
923 935 936
923 936 937
932 924 957
942 925 941
934 926 972
972 926 964
968 957 927
968 927 962
993 930 955
993 965 930
939 967 931
967 963 931
995 932 957
995 958 932
998 933 960
961 933 998
935 934 972
936 935 974
935 972 973
935 973 974
976 937 936
936 974 975
976 936 975
938 937 976
939 938 967
967 938 977
938 976 977
980 941 940
979 940 958
980 940 979
996 942 941
996 941 980
943 942 996
981 944 943
981 943 969
969 943 996
945 944 981
983 946 945
982 945 981
983 945 982
984 947 946
984 946 983
985 948 947
985 947 984
986 949 948
986 948 985
987 950 949
987 949 986
988 951 950
988 950 987
970 959 951
970 951 988
989 952 959
960 952 966
997 966 952
997 952 989
990 953 954
990 955 953
991 954 956
991 990 954
993 955 990
992 956 961
991 956 994
992 994 956
995 957 968
979 958 978
978 958 995
989 959 970
998 960 966
992 961 971
971 961 998
1011 968 962
1011 962 999
967 977 963
977 1001 963
972 964 1006
1006 964 1002
1029 965 993
1029 1000 965
998 966 997
1011 995 968
1015 981 969
969 996 1032
1015 969 1032
1023 970 988
989 970 1023
1033 992 971
971 998 1031
1033 971 1031
973 972 1006
974 973 1008
973 1006 1007
973 1007 1008
975 974 1009
974 1008 1009
976 975 1010
975 1009 1003
1010 975 1003
977 976 1010
977 1010 1001
1012 979 978
1004 978 995
1014 978 1004
1014 1012 978
1013 980 979
1013 979 1012
996 980 1005
1013 1005 980
982 981 1015
983 982 1017
1016 982 1015
1016 1017 982
1018 984 983
1018 983 1017
1019 985 984
1019 984 1018
1020 986 985
1020 985 1019
1021 987 986
1021 986 1020
1022 988 987
1022 987 1021
1023 988 1022
997 989 1024
1024 989 1023
1026 990 991
1026 993 990
1027 991 994
1027 1026 991
992 1028 994
1033 1028 992
1029 993 1026
1030 1027 994
1030 994 1028
1004 995 1011
996 1005 1032
998 997 1031
1025 997 1024
1025 1031 997
1049 1011 999
1049 999 1036
1062 1000 1029
1062 1039 1000
1010 1037 1001
1006 1002 1045
1045 1002 1038
1003 1009 1041
1010 1003 1037
1003 1041 1037
1049 1004 1011
1014 1004 1049
1068 1005 1013
1068 1032 1005
1007 1006 1045
1008 1007 1047
1007 1045 1046
1007 1046 1047
1009 1008 1048
1008 1047 1048
1009 1048 1041
1042 1013 1012
1067 1012 1014
1067 1042 1012
1068 1013 1042
1066 1014 1049
1067 1014 1066
1016 1015 1050
1050 1015 1032
1052 1017 1016
1016 1050 1051
1052 1016 1051
1018 1017 1053
1052 1053 1017
1054 1019 1018
1054 1018 1053
1055 1020 1019
1055 1019 1054
1056 1021 1020
1056 1020 1055
1057 1022 1021
1057 1021 1056
1058 1023 1022
1058 1022 1057
1024 1023 1058
1025 1024 1059
1059 1024 1058
1025 1040 1031
1060 1040 1025
1060 1025 1059
1061 1026 1027
1061 1029 1026
1063 1027 1030
1063 1061 1027
1064 1030 1028
1044 1028 1033
1064 1028 1044
1062 1029 1061
1065 1063 1030
1065 1030 1064
1033 1031 1034
1050 1032 1043
1043 1032 1068
1033 1034 1035
1044 1033 1035
1044 1035 1072
1066 1049 1036
1066 1036 1070
1045 1038 1080
1080 1038 1073
1097 1039 1062
1097 1074 1039
1077 1040 1060
1077 1069 1040
1048 1071 1041
1085 1042 1067
1085 1068 1042
1098 1050 1043
1086 1043 1068
1098 1043 1086
1064 1044 1072
1046 1045 1080
1047 1046 1082
1046 1080 1081
1046 1081 1082
1048 1047 1083
1047 1082 1083
1048 1083 1071
1098 1051 1050
1088 1052 1051
1088 1051 1087
1087 1051 1098
1089 1053 1052
1089 1052 1088
1090 1054 1053
1090 1053 1089
1091 1055 1054
1091 1054 1090
1092 1056 1055
1092 1055 1091
1093 1057 1056
1093 1056 1092
1058 1057 1094
1093 1094 1057
1059 1058 1094
1060 1059 1095
1095 1059 1094
1077 1060 1096
1096 1060 1095
1062 1061 1078
1063 1078 1061
1097 1062 1078
1100 1063 1065
1100 1078 1063
1099 1065 1064
1099 1064 1072
1079 1065 1099
1079 1100 1065
1084 1067 1066
1075 1066 1070
1084 1066 1075
1076 1067 1084
1076 1085 1067
1086 1068 1085
1127 1069 1077
1127 1103 1069
1075 1070 1104
1083 1105 1071
1099 1072 1102
1080 1073 1108
1129 1073 1101
1108 1073 1129
1110 1074 1097
1111 1107 1074
1111 1074 1110
1115 1084 1075
1115 1075 1104
1130 1076 1084
1131 1085 1076
1131 1076 1130
1127 1077 1096
1100 1097 1078
1079 1099 1128
1132 1100 1079
1132 1079 1128
1080 1108 1081
1082 1081 1113
1112 1081 1108
1113 1081 1112
1083 1082 1114
1082 1113 1114
1083 1114 1105
1130 1084 1115
1131 1086 1085
1109 1098 1086
1109 1086 1131
1117 1088 1087
1116 1087 1098
1118 1087 1116
1118 1117 1087
1119 1089 1088
1119 1088 1117
1120 1090 1089
1120 1089 1119
1091 1090 1121
1120 1121 1090
1122 1092 1091
1122 1091 1121
1123 1093 1092
1123 1092 1122
1093 1124 1094
1123 1124 1093
1095 1094 1124
1096 1095 1125
1125 1095 1124
1126 1096 1125
1127 1096 1126
1110 1097 1100
1116 1098 1109
1099 1102 1106
1099 1106 1128
1132 1110 1100
1129 1101 1139
1158 1103 1127
1158 1134 1103
1115 1104 1135
1114 1136 1105
1106 1137 1128
1159 1107 1111
1138 1133 1107
1159 1138 1107
1112 1108 1129
1116 1109 1146
1146 1109 1131
1111 1110 1132
1159 1111 1132
1113 1112 1144
1112 1129 1141
1112 1141 1144
1114 1113 1145
1113 1144 1145
1114 1145 1136
1142 1130 1115
1142 1115 1135
1118 1116 1147
1147 1116 1146
1150 1117 1118
1149 1119 1117
1150 1149 1117
1148 1118 1147
1150 1118 1148
1151 1120 1119
1151 1119 1149
1120 1152 1121
1151 1152 1120
1153 1122 1121
1153 1121 1152
1154 1123 1122
1154 1122 1153
1155 1124 1123
1155 1123 1154
1125 1124 1155
1126 1125 1156
1156 1125 1155
1158 1127 1126
1157 1126 1156
1158 1126 1157
1160 1132 1128
1160 1128 1137
1129 1139 1140
1141 1129 1140
1143 1131 1130
1161 1130 1142
1161 1143 1130
1146 1131 1143
1160 1159 1132
1186 1134 1158
1186 1164 1134
1142 1135 1165
1145 1166 1136
1160 1137 1168
1163 1168 1137
1159 1171 1138
1171 1162 1138
1140 1139 1172
1172 1139 1167
1141 1140 1173
1173 1140 1172
1144 1141 1173
1161 1142 1165
1175 1146 1143
1175 1143 1161
1145 1144 1174
1144 1173 1174
1145 1174 1166
1147 1146 1175
1148 1147 1177
1177 1147 1175
1179 1150 1148
1178 1148 1177
1179 1148 1178
1187 1149 1150
1169 1151 1149
1187 1169 1149
1187 1150 1179
1180 1152 1151
1180 1151 1169
1181 1153 1152
1181 1152 1180
1154 1153 1182
1181 1182 1153
1183 1155 1154
1183 1154 1182
1156 1155 1183
1157 1156 1184
1184 1156 1183
1186 1158 1157
1185 1157 1184
1186 1157 1185
1160 1171 1159
1160 1168 1171
1161 1165 1170
1161 1170 1176
1175 1161 1176
1186 1192 1164
1174 1191 1166
1172 1167 1194
1194 1167 1189
1168 1188 1171
1200 1180 1169
1200 1169 1187
1195 1176 1170
1206 1170 1190
1206 1195 1170
1173 1172 1205
1205 1172 1194
1174 1173 1205
1174 1205 1191
1177 1175 1176
1196 1177 1176
1196 1176 1195
1178 1177 1196
1198 1179 1178
1197 1178 1196
1198 1178 1197
1199 1187 1179
1199 1179 1198
1201 1181 1180
1201 1180 1200
1203 1182 1181
1203 1181 1201
1207 1183 1182
1207 1182 1203
1184 1183 1207
1185 1184 1193
1193 1184 1207
1186 1185 1192
1204 1192 1185
1204 1185 1193
1202 1187 1199
1202 1200 1187
1194 1189 1226
1226 1189 1209
1206 1190 1218
1218 1190 1210
1205 1211 1191
1204 1208 1192
1204 1193 1228
1228 1193 1207
1205 1194 1213
1213 1194 1226
1219 1196 1195
1214 1195 1206
1219 1195 1214
1197 1196 1219
1221 1198 1197
1220 1197 1219
1221 1197 1220
1222 1199 1198
1222 1198 1221
1216 1202 1199
1216 1199 1222
1223 1201 1200
1223 1200 1202
1225 1203 1201
1225 1201 1223
1224 1202 1216
1224 1223 1202
1217 1207 1203
1217 1203 1225
1204 1212 1208
1204 1228 1212
1205 1213 1211
1227 1214 1206
1215 1206 1218
1227 1206 1215
1228 1207 1217
1226 1209 1234
1218 1210 1239
1210 1231 1239
1213 1232 1211
1247 1212 1228
1247 1229 1212
1213 1226 1232
1241 1219 1214
1241 1214 1227
1240 1215 1218
1242 1227 1215
1242 1215 1240
1216 1222 1236
1224 1216 1236
1217 1225 1246
1228 1217 1246
1240 1218 1239
1220 1219 1241
1221 1220 1237
1238 1237 1220
1238 1220 1241
1222 1221 1230
1221 1237 1230
1222 1230 1236
1245 1223 1224
1245 1225 1223
1224 1236 1235
1245 1224 1235
1245 1246 1225
1226 1233 1232
1226 1234 1233
1243 1241 1227
1244 1227 1242
1244 1243 1227
1247 1228 1246
1247 1251 1229
1256 1239 1231
1256 1231 1254
1234 1248 1233
1258 1245 1235
1258 1235 1249
1238 1252 1237
1238 1241 1243
1238 1243 1252
1240 1239 1257
1257 1239 1256
1259 1242 1240
1259 1240 1257
1244 1242 1255
1255 1242 1259
1244 1250 1243
1243 1250 1252
1244 1253 1250
1244 1255 1253
1258 1246 1245
1247 1246 1258
1247 1258 1251
1258 1249 1251
1255 1261 1253
1256 1254 1263
1263 1254 1262
1255 1259 1261
1257 1256 1264
1264 1256 1263
1259 1257 1265
1257 1264 1265
1259 1260 1261
1259 1265 1260
1266 1260 1265
1270 1263 1262
1270 1262 1267
1271 1264 1263
1271 1263 1270
1268 1265 1264
1268 1264 1271
1269 1266 1265
1269 1265 1268
1269 1273 1266
1270 1267 1274
1274 1267 1272
1269 1268 1276
1276 1268 1271
1269 1276 1273
1275 1271 1270
1275 1270 1274
1276 1271 1275
1274 1272 1280
1278 1280 1272
1281 1273 1276
1281 1277 1273
1279 1275 1274
1279 1274 1280
1281 1276 1275
1281 1275 1279
1281 1283 1277
1284 1280 1278
1284 1278 1282
1285 1279 1280
1281 1279 1285
1285 1280 1284
1281 1285 1283
1288 1284 1282
1288 1282 1287
1289 1283 1285
1289 1286 1283
1289 1285 1284
1289 1284 1288
1289 1291 1286
1288 1287 1292
1287 1290 1292
1289 1288 1291
1288 1292 1291
1290 1293 1292
1294
485.328 435.514
482.768 447.141
474.412 439.074
487.887 423.887
478.109 427.736
490.447 412.26
466.056 431.007
472.735 421.715
480.2 415.716
457.7 422.939
493.006 400.633
475.016 407.86
465.982 420.69
470.736 414.235
482.516 403.253
449.344 414.872
495.566 389.006
477.145 395.094
472.263 400.577
466.364 406.721
461.134 414.142
485.303 391.256
498.125 377.379
440.987 406.805
489.698 380.842
480.674 381.878
474.58 387.893
467.974 393.104
461.819 399.15
455.273 406.469
500.685 365.752
432.631 398.738
484.455 375.266
442.776 396.897
476.49 374.726
470.449 380.31
463.554 385.727
457.289 391.765
451.071 398.587
491.044 369.74
424.275 390.67
503.244 354.125
485.802 362.423
473.508 368.484
448.581 391.842
481.611 368.62
467.241 372.787
459.993 377.835
441.609 389.072
433.536 384.875
493.447 357.719
451.682 384.07
505.804 342.498
415.919 382.603
489.558 349.623
496.483 346.923
484.222 354.912
466.608 364.793
458.556 369.284
450.769 374.158
442.413 379.168
435.003 374.05
426.061 378.6
476.427 361.005
407.563 374.536
496.035 335.965
489.052 341.224
482.812 346.418
475.78 351.313
467.535 355.976
458.947 360.29
450.905 364.74
443.139 369.369
436.181 364.271
428.204 368.506
419.01 371.599
399.207 366.469
486.265 329.433
482.057 338.344
422.403 363.392
475.638 342.013
468.233 346.51
460.24 350.972
451.94 355.265
443.912 359.707
436.764 354.877
429.181 359.422
413.053 362.388
390.851 358.401
476.496 322.9
406.713 355.322
476.265 332.573
468.606 336.731
461.202 341.399
453.275 345.921
444.889 350.329
437.42 345.812
429.274 350.413
421.638 355.327
414.165 350.829
399.48 351.996
382.495 350.334
466.726 316.367
468.27 326.83
461.138 331.663
453.93 336.616
445.929 341.276
438.379 336.858
429.923 341.322
421.85 345.871
414.757 340.973
407.186 345.816
400.026 341.027
391.998 346.328
374.138 342.267
456.957 309.834
385.342 341.376
459.903 321.7
453.499 327.293
446.395 332.201
439.066 327.839
431.116 332.167
422.767 336.49
415.77 331.5
407.709 336.037
400.398 331.362
392.666 336.338
365.782 334.2
447.188 303.302
452.359 318.865
439.325 319.784
446.069 323.075
432.244 322.87
424.131 327.162
416.98 322.292
408.529 326.754
401.147 322.152
392.976 326.829
384.684 332.599
376.582 328.119
444.995 313.16
437.418 296.769
357.426 326.132
438.918 305.586
425.158 317.698
417.592 313.075
409.586 317.703
402.36 312.97
393.991 317.322
385.671 322.107
378.437 317.096
369.151 322.093
433.858 312.696
349.07 318.065
427.649 290.236
363.391 315.867
431.05 302.143
424.856 308.13
417.254 303.835
410.294 308.637
403.431 303.624
395.357 307.956
386.957 312.34
379.638 307.569
371.237 312.072
353.849 311.458
340.714 309.998
345.461 300.325
417.879 283.703
423.434 299.516
410.468 300.497
355.526 301.616
396.196 298.448
388.112 303.101
380.455 298.533
371.914 302.879
363.493 307.117
415.94 293.722
404.744 293.266
408.11 277.171
350.208 290.653
409.628 285.981
401.348 282.503
395.219 288.898
388.383 294.072
380.775 289.649
372.587 293.776
363.227 297.506
354.955 280.98
398.34 270.638
387.564 286.266
373.507 285.615
391.62 279.752
364.034 287.693
380.63 279.91
359.702 271.307
388.571 264.105
375.637 270.294
385.677 271.08
367.84 276.846
392.857 255.117
364.449 261.635
385.359 255.653
378.381 260.863
397.143 246.129
369.196 251.962
388.015 247.932
379.557 249.72
401.429 237.141
361.518 245.73
383.081 241.96
390.882 239.448
373.964 240.414
353.839 239.498
392.456 230.556
383.244 233.831
374.875 228.397
365.22 233.853
383.482 223.971
374.509 217.386
346.161 233.265
366.665 222.589
357.65 228.152
338.482 227.033
351.645 222.816
365.536 210.801
358.731 217.558
342.878 221.586
330.804 220.801
338.817 212.185
372.567 202.498
363.695 201.828
356.932 207.088
349.808 214.061
346.831 203.569
379.599 194.194
354.844 194.953
368.016 194.268
386.63 185.891
362.857 186.337
374.371 186.254
393.661 177.587
353.706 181.248
384.331 173.078
378.254 178.478
370.808 178.671
363.547 174.449
365.669 164.06
344.554 176.159
375.0 168.569
353.239 168.945
339.219 184.328
356.339 159.551
346.944 160.042
341.446 167.522
335.423 174.65
361.815 153.569
333.884 192.498
351.688 152.374
341.773 151.877
336.759 159.262
331.263 166.091
329.947 181.681
325.559 172.888
328.549 200.667
367.292 147.587
337.657 144.751
327.923 158.632
324.452 186.855
357.076 145.591
320.381 179.848
321.863 193.847
315.299 172.127
346.353 143.018
331.278 150.628
320.456 163.692
372.768 141.605
323.214 208.837
362.813 139.507
352.857 137.409
324.228 145.091
313.302 157.781
345.31 131.928
338.098 136.622
330.737 141.055
315.832 186.873
317.369 201.692
310.347 179.661
311.659 194.457
309.898 164.502
305.032 171.936
320.483 152.905
317.634 217.029
352.098 126.114
344.209 121.619
337.351 127.109
330.184 132.218
322.768 137.396
316.317 143.606
312.55 209.632
310.661 150.268
307.253 202.257
306.129 187.382
305.319 156.724
302.162 194.993
300.439 163.656
295.211 170.914
299.1 180.378
351.339 114.819
312.053 225.221
297.958 188.791
342.525 112.635
335.604 118.047
328.826 123.463
321.733 128.909
306.893 142.215
307.532 217.394
301.38 148.805
302.61 209.869
297.598 202.358
295.872 155.567
290.874 162.784
293.102 194.774
288.846 177.803
290.358 186.562
285.898 169.823
312.867 134.366
306.473 233.413
350.089 108.569
314.185 126.097
298.183 142.005
281.168 175.811
333.141 109.698
326.404 115.037
319.831 120.715
305.64 127.512
302.353 224.96
301.577 135.301
297.71 217.192
292.775 209.62
288.048 201.82
285.629 155.511
283.972 193.455
280.903 162.904
276.555 170.187
340.573 103.921
290.671 147.143
280.15 184.126
348.839 102.319
345.134 96.8725
300.893 241.605
330.663 102.513
283.285 141.926
323.83 106.61
316.994 112.216
299.615 120.918
297.06 232.232
295.696 128.642
292.681 224.359
287.635 216.825
282.842 209.006
280.004 148.607
278.686 200.698
274.292 192.572
275.44 155.936
272.907 177.722
270.831 163.451
268.874 185.428
267.004 171.302
334.603 95.2767
309.608 118.744
290.684 136.917
341.429 91.426
294.911 251.903
327.702 89.5702
302.093 113.708
291.72 237.943
291.646 122.035
259.057 172.429
335.151 85.5181
314.647 102.834
308.056 108.912
289.208 245.354
287.829 231.485
286.47 127.72
283.032 224.274
280.678 134.196
275.42 140.762
273.199 207.718
270.741 147.789
269.416 199.75
265.871 155.155
264.237 192.927
263.235 178.819
258.595 186.076
323.028 96.9231
293.158 113.321
276.551 217.064
260.21 163.568
288.928 262.2
344.062 80.2655
320.621 88.3346
275.148 225.458
261.064 199.592
336.616 75.3677
305.435 99.4067
299.424 105.717
290.528 102.546
283.827 108.717
284.575 254.027
283.654 238.958
284.495 118.482
279.64 246.863
279.015 231.878
277.736 124.637
272.062 131.43
266.533 214.271
266.939 138.317
264.06 206.222
267.927 223.136
262.034 145.423
256.87 152.677
254.242 178.104
250.594 159.465
251.985 169.179
249.011 185.026
325.99 80.7987
312.037 91.7836
253.614 194.541
346.696 69.105
317.455 73.3015
304.286 81.739
282.946 272.498
315.536 81.069
302.22 90.3713
277.087 104.521
258.804 211.93
246.373 199.97
327.989 70.6168
296.427 95.5893
287.158 92.2256
281.674 98.9967
279.505 262.456
274.822 239.552
275.164 254.739
270.591 231.707
270.483 247.238
268.958 121.474
263.591 128.465
261.927 230.378
258.508 135.393
253.565 142.487
248.277 149.529
245.735 175.537
242.038 156.276
243.378 191.969
243.611 165.836
240.156 182.303
338.24 64.3203
275.251 113.433
257.929 220.665
254.083 204.926
346.339 62.8105
284.435 85.266
345.982 56.516
319.375 65.534
279.345 280.95
293.036 82.409
334.107 51.6945
275.833 88.123
274.51 268.795
274.394 97.2558
328.558 61.6112
272.613 276.082
270.695 262.373
270.027 103.355
265.348 111.569
265.988 239.181
266.134 254.914
260.213 119.002
261.547 246.773
257.122 238.069
255.037 125.882
252.484 229.577
250.524 213.958
249.984 132.819
246.921 222.256
245.052 139.924
243.973 207.54
239.783 146.97
237.271 172.483
233.588 153.619
234.454 189.096
235.019 162.825
231.641 179.276
236.922 199.786
340.982 48.48
327.232 54.909
323.303 60.2215
275.744 289.403
267.232 90.98
226.494 151.117
269.305 284.593
266.894 270.13
263.497 278.349
262.124 262.877
261.298 101.77
256.361 110.048
257.409 254.627
251.286 117.189
252.753 245.746
247.886 237.324
246.107 124.045
242.456 230.047
241.13 131.073
240.937 215.811
236.265 138.225
234.598 209.723
237.023 223.291
231.274 145.229
227.613 195.245
228.561 169.69
227.09 204.464
225.879 185.885
222.979 176.665
225.209 159.624
272.143 297.855
256.786 92.7953
233.0 217.107
220.704 199.927
259.982 286.987
258.442 271.136
254.857 279.532
253.632 262.842
251.981 101.766
248.786 253.771
247.052 109.086
243.68 245.131
241.653 115.986
238.078 237.742
236.594 123.152
231.731 130.326
232.266 230.716
227.027 137.605
227.803 222.708
226.121 213.686
222.559 144.871
219.405 192.164
219.151 167.868
218.599 152.353
217.274 183.309
213.756 174.834
214.249 159.94
266.059 294.82
217.253 208.555
269.226 305.325
246.339 94.6107
243.589 101.945
261.198 303.992
256.264 295.7
251.254 287.957
250.015 271.218
246.42 279.614
245.105 262.082
239.861 253.304
234.106 245.807
231.448 115.576
226.576 122.946
227.919 238.913
221.684 130.37
218.925 219.803
217.446 138.053
213.499 145.536
210.976 189.78
212.882 198.865
210.311 216.285
208.947 152.733
209.076 167.057
208.419 181.47
207.044 206.485
203.984 159.756
203.95 173.938
236.43 107.088
221.003 230.776
266.31 312.796
235.893 96.426
229.069 100.876
209.32 139.5
205.075 221.685
203.716 187.305
257.618 312.08
252.457 304.072
247.574 296.304
242.791 287.978
241.504 270.474
237.904 278.866
236.231 261.666
230.43 254.135
225.951 107.828
224.215 247.436
221.377 115.199
217.55 240.94
216.403 122.572
211.635 225.857
210.163 235.012
204.452 145.374
201.932 213.962
199.265 152.183
198.821 166.653
199.422 181.05
197.807 205.013
193.972 174.047
194.026 159.018
210.476 131.0
203.037 196.111
263.393 320.266
225.982 92.2893
253.731 320.023
248.666 312.123
243.727 304.427
239.008 296.186
234.229 287.183
232.635 270.062
229.02 278.439
226.829 262.526
221.131 99.1836
220.611 255.848
216.813 106.545
213.993 249.577
211.978 113.583
206.746 120.854
206.904 243.729
200.338 127.765
203.118 228.966
201.915 137.082
199.996 237.296
197.759 221.304
196.08 188.799
195.576 143.618
192.65 196.918
193.287 212.726
190.046 150.41
190.341 182.04
188.392 204.737
188.649 166.306
184.558 157.34
183.236 175.256
258.542 329.879
216.072 88.1527
249.017 326.212
213.268 98.262
182.638 183.798
174.166 174.053
244.639 319.78
239.703 312.309
234.982 304.141
230.336 295.282
225.27 286.681
223.228 270.918
219.571 279.231
217.015 264.245
210.4 257.989
208.019 104.083
202.936 111.205
203.332 252.161
197.646 118.258
196.448 245.705
191.403 124.851
194.128 229.258
193.059 134.211
190.509 237.573
189.167 220.515
187.059 189.853
186.585 141.018
184.281 212.465
182.81 197.475
181.292 147.991
178.879 205.35
175.516 154.569
175.42 181.689
177.649 165.342
253.69 339.492
206.161 84.016
183.706 122.529
173.446 146.323
170.743 207.145
246.851 333.403
240.7 327.214
235.567 320.012
230.806 311.927
226.218 303.154
221.27 294.673
215.69 287.307
213.44 272.604
209.929 280.709
206.858 266.403
198.354 102.284
199.761 260.595
193.352 109.618
192.856 254.118
188.421 116.607
186.909 245.965
185.395 228.686
181.77 237.048
180.478 220.496
177.06 139.492
177.93 189.982
175.404 213.246
168.203 160.625
168.827 188.239
167.402 169.817
166.998 178.925
204.462 93.8885
182.799 131.03
171.743 198.359
165.842 151.009
206.28 75.6827
201.685 282.122
198.903 79.6121
160.632 158.082
158.396 145.462
248.839 349.105
242.367 341.42
236.462 334.617
231.147 327.439
226.426 319.498
221.95 310.872
217.089 302.484
211.566 295.162
203.724 274.762
205.85 288.401
196.384 86.8228
196.451 269.31
192.38 94.8791
187.538 102.446
189.283 262.754
182.933 109.748
183.314 254.388
178.738 116.998
178.174 245.445
176.84 228.798
175.17 124.513
173.244 237.19
171.729 221.319
171.358 132.301
166.47 213.995
161.447 194.99
159.787 185.338
159.36 165.528
155.233 152.587
166.338 140.596
161.375 205.55
157.132 175.293
259.785 352.426
206.399 67.3493
251.753 356.714
162.066 133.068
146.767 176.155
242.234 356.038
236.992 348.736
231.375 341.661
226.149 334.404
221.599 326.62
217.417 318.289
212.76 310.138
207.308 302.9
201.65 296.134
194.598 278.512
190.454 79.3499
185.93 87.8617
181.117 96.1166
179.651 262.957
176.553 103.6
174.56 253.836
172.443 111.051
168.839 118.553
169.638 245.577
168.125 229.685
164.773 126.082
164.526 238.077
162.623 222.323
156.548 215.221
152.691 191.726
155.556 138.034
152.072 200.612
152.263 160.586
150.342 183.328
149.456 168.657
149.273 209.518
144.308 154.813
195.401 288.611
195.747 70.8906
185.567 272.798
147.302 144.891
206.518 59.016
186.786 61.337
134.286 148.569
184.375 70.087
135.566 138.271
181.964 78.837
270.732 355.748
132.009 158.368
193.412 297.155
178.975 279.345
171.587 97.9165
163.644 112.751
145.774 135.537
144.885 189.359
143.316 162.833
236.137 362.736
231.321 355.144
225.935 348.276
220.519 341.001
216.127 333.131
212.531 325.106
208.433 317.486
202.896 310.599
197.873 61.3033
197.333 303.714
186.101 283.779
186.221 293.56
175.462 271.12
170.791 262.094
165.942 253.873
160.875 246.397
159.001 230.724
158.579 119.14
155.426 239.085
152.757 223.775
145.574 218.112
143.858 196.755
141.254 205.144
137.816 213.578
259.7 362.193
247.93 364.462
173.526 89.4144
165.11 104.535
152.97 128.388
138.635 182.575
138.208 170.786
199.107 51.78
192.947 56.5585
171.25 82.5425
129.732 168.168
160.536 86.248
281.678 359.069
127.456 177.967
136.845 127.974
268.699 365.766
255.573 369.84
221.927 354.27
204.819 323.788
156.21 100.51
125.179 187.766
277.047 366.088
263.534 371.434
249.309 374.506
240.322 371.303
225.184 361.083
210.049 339.301
206.691 330.982
199.395 318.492
187.952 302.636
179.036 299.356
171.255 278.965
166.753 270.069
162.015 261.937
163.171 95.3804
157.011 254.49
151.913 247.2
149.201 232.196
147.192 118.584
146.073 240.549
141.996 226.548
135.822 192.419
133.603 200.875
134.254 221.99
130.202 209.157
126.626 217.555
229.071 370.409
214.444 348.452
191.899 311.875
176.857 288.493
154.081 109.3
138.125 117.676
145.982 99.462
227.567 380.958
292.625 362.391
153.259 92.855
142.053 108.569
114.532 188.592
218.839 375.266
285.507 366.813
235.411 377.663
219.222 366.481
206.851 352.905
191.611 320.489
144.012 247.951
127.142 196.633
272.72 373.544
266.97 379.998
257.814 377.704
251.502 384.816
243.014 380.904
203.735 345.462
200.206 336.756
183.887 317.722
181.53 308.724
172.568 305.394
170.074 296.012
166.708 286.608
162.411 277.73
157.772 269.686
152.826 262.284
147.799 254.848
138.728 235.179
136.959 244.147
130.962 230.446
123.3 226.022
123.493 203.961
119.725 212.274
118.607 196.942
116.105 220.825
283.41 375.12
214.283 358.579
197.018 327.386
303.571 365.712
210.059 377.974
236.295 386.65
245.022 392.342
103.884 189.417
253.75 398.034
205.158 359.436
121.577 233.768
293.29 370.841
293.317 379.858
285.837 385.466
276.555 382.347
270.131 388.396
260.698 386.927
194.187 343.305
190.319 334.652
186.547 326.308
177.515 323.532
175.044 314.55
166.418 311.293
163.906 302.18
161.112 293.327
157.494 284.834
153.063 276.968
148.235 269.664
143.382 262.349
128.453 249.27
114.028 205.523
110.197 213.966
109.177 197.602
106.349 222.344
209.56 367.884
197.975 353.32
137.654 254.193
127.553 239.936
112.608 230.592
201.28 380.683
263.437 401.724
312.357 370.069
93.2367 190.243
122.407 246.019
264.111 394.137
202.631 372.954
171.542 328.195
135.322 262.507
105.919 238.056
302.288 374.782
301.981 383.808
294.407 389.338
287.512 394.772
279.118 391.254
271.997 396.708
189.78 359.069
188.063 349.843
184.626 341.422
169.075 320.403
160.649 317.481
157.905 308.188
155.18 299.424
151.884 291.233
147.7 283.594
142.999 276.387
138.587 269.215
128.253 258.497
105.092 206.219
101.305 214.51
101.602 230.323
99.7865 198.235
96.9879 222.278
198.371 364.695
179.261 333.116
118.546 252.787
115.839 241.544
192.5 383.391
82.5893 191.069
273.125 405.415
321.143 374.426
288.013 403.225
190.172 367.191
176.055 340.986
310.909 378.843
310.412 387.863
302.626 393.488
294.975 399.529
280.709 400.059
194.963 373.791
181.27 355.98
179.027 347.854
182.797 365.172
163.759 326.79
155.144 323.988
152.186 314.458
149.269 305.502
145.967 297.306
141.872 289.756
137.225 282.59
132.857 275.285
129.594 267.364
120.668 263.896
110.081 259.761
96.3046 206.733
92.3126 214.602
91.7605 229.596
90.3328 199.054
87.3273 221.811
104.375 248.926
168.361 336.03
95.7349 238.806
94.7024 246.158
85.0298 243.391
184.048 384.403
282.812 409.105
329.928 378.784
71.5774 193.301
96.756 255.057
292.5 412.795
173.764 353.527
161.352 341.542
86.0103 236.094
319.449 383.052
318.809 392.056
310.988 397.705
302.787 404.514
186.61 374.469
158.337 333.554
149.459 330.702
146.654 320.964
143.598 311.82
140.138 303.466
135.995 295.868
131.332 288.686
126.914 281.323
123.399 273.171
114.259 270.061
104.674 266.65
87.3598 207.251
80.8132 200.246
82.819 214.243
81.4509 229.455
77.1409 221.132
176.937 374.148
173.025 362.368
169.044 346.497
89.1369 261.188
175.595 385.414
302.187 416.486
75.3571 240.623
338.714 383.141
60.5655 195.534
169.837 378.628
163.579 363.255
96.6148 265.228
79.2701 207.518
68.2156 220.325
327.716 387.394
326.979 396.277
319.543 401.774
311.623 408.554
167.036 370.654
165.699 355.614
159.169 349.171
142.881 337.154
140.862 327.5
138.081 318.339
134.558 309.875
130.328 302.189
125.618 294.961
121.113 287.511
117.454 279.249
108.589 276.333
99.9993 273.362
71.7317 202.593
152.331 341.378
69.9989 229.357
72.2355 212.41
347.5 387.498
67.3512 237.081
81.5179 267.319
167.143 386.426
311.875 420.176
59.3452 233.54
49.5536 197.766
334.197 392.125
151.363 350.456
64.7332 206.075
57.3602 204.862
335.257 399.902
328.347 405.441
320.979 411.945
161.77 377.794
144.205 346.852
134.323 333.947
135.82 343.43
132.317 324.89
129.117 316.452
124.886 308.738
120.139 301.472
115.564 293.951
111.766 285.536
103.079 282.706
94.5232 279.626
91.3818 270.439
60.256 224.589
343.298 394.334
156.453 369.29
155.803 358.458
60.7767 214.21
38.9286 197.141
76.994 274.432
156.429 385.236
323.189 421.541
51.3393 229.998
39.8214 204.194
355.655 393.406
349.171 400.901
342.517 402.576
153.066 377.784
148.842 364.168
337.558 407.992
330.99 414.407
146.306 356.118
137.955 353.229
129.524 350.133
125.848 331.264
127.221 340.412
123.685 323.02
119.662 315.496
114.869 308.212
110.187 300.604
106.279 292.054
97.5739 289.223
88.7552 286.112
85.5824 276.767
49.8376 209.581
50.9596 219.867
145.0 373.135
32.5893 206.873
41.7857 232.141
72.4702 281.546
145.714 384.045
334.502 422.906
363.809 399.313
43.4821 224.641
118.718 328.725
135.0 382.855
38.8393 214.909
355.909 404.748
347.068 408.181
341.724 415.704
140.888 363.011
134.843 370.518
132.384 360.152
123.915 357.014
120.77 347.341
114.85 322.478
110.014 315.366
104.962 307.678
100.771 298.851
91.8324 295.77
82.0607 292.396
79.2256 283.284
117.404 337.234
34.1071 221.337
371.964 405.221
136.696 390.92
345.816 424.271
67.9464 288.659
85.9349 300.96
363.775 410.343
127.775 376.647
126.562 366.762
117.854 363.616
114.823 354.567
111.273 345.718
110.784 329.968
105.588 322.911
106.5 337.997
100.518 315.384
76.0861 299.358
353.803 415.504
126.862 386.843
94.3267 306.517
67.7679 297.439
378.333 413.391
138.393 398.986
357.13 425.635
67.5893 306.218
363.271 419.252
121.084 380.147
121.295 393.648
101.956 345.66
92.2948 315.489
129.102 396.14
120.031 372.421
110.716 370.012
107.747 361.909
104.482 353.382
101.014 330.838
95.7522 340.256
96.2058 323.059
372.856 417.875
115.576 387.022
83.1103 309.893
67.4107 314.998
98.0357 361.426
140.089 407.051
368.444 427.0
379.757 428.365
384.702 421.56
83.0952 344.343
90.5655 352.884
97.6042 369.998
105.139 375.686
130.334 404.507
121.048 401.302
113.377 377.862
113.308 396.508
105.789 382.863
105.75 391.458
90.7603 331.497
86.8411 321.373
76.472 317.979
391.071 429.73
75.625 335.801
96.7411 387.141
71.5179 325.399
97.1726 378.569
97.2619 396.189
140.737 416.761
105.033 399.158
131.936 413.201
121.98 410.223
80.9097 329.429
110.234 406.326
98.3036 414.284
97.7828 405.236
141.384 426.471
133.341 422.38
124.592 418.967
112.812 417.629
101.554 424.266
142.031 436.181
119.059 424.245
111.533 426.33
134.043 431.787
126.191 427.563
142.679 445.891
104.804 434.248
134.326 441.003
126.278 436.667
117.819 431.873
108.054 444.23
141.232 455.391
127.132 444.634
133.609 449.832
117.172 442.603
139.786 464.891
111.304 454.212
132.053 458.99
124.036 452.165
114.554 464.194
138.339 474.391
130.538 469.557
122.443 462.138
136.893 483.891
121.518 473.926
128.482 483.659
135.446 493.391
9
496 0.0
840 0.0
1 100.0
1248 100.0
1293 100.0
1133 100.0
1162 100.0
1188 100.0
1163 100.0